---------- SpectralCalc.com -------------
 
 query:
    database: unknown
    molecules: O2 (7)
    lower waveband limit: 0.760 microns (13157.8947368421 cm-1)
    upper waveband limit: 0.781 microns (12804.0973111396 cm-1)
    intensity threshold: none
 
 number of lines found: 374
 
molecule, isotope, frequency, intensity, einstein_a, air_halfwidth, self_halfwidth, lower_energy, t_exponent, p_shift, upper_global, lower_global, upper_local, lower_local, err1, err2, err3, err4, err5, err6, ref1, ref2, ref3, ref4, ref5, ref6, mixing_flag, upper_weight, lower_weight
--------------------------------------------------------------------------------------------------------------------------------------------------------------------------------------------------------------------------------------------------------------------------------------------
7,1,12847.187193,4.866e-29,0.01793,0.0332,0.036,2790.8417,0.63,-0.0092,       b      1,       X      1,, P 29P 29     d,3,4,5,4,4,4,42,5,5,3,1,1,,57,59
7,1,12848.943885,4.696e-29,0.01716,0.0332,0.036,2789.085,0.63,-0.0091,       b      1,       X      1,, P 29Q 28     d,3,4,5,4,4,4,42,5,5,3,1,1,,57,57
7,1,12849.56627,2.9e-31,0.00000006313,0.0332,0.036,1246.4493,0.63,-0.0091,       b      0,       X      0,, N 29O 28     q,5,7,6,6,5,3,47,28,7,4,1,2,,53,57
7,1,12858.256218,9.952e-29,0.01804,0.0354,0.037,2629.6458,0.63,-0.0091,       b      1,       X      1,, P 27P 27     d,3,4,5,4,4,4,42,5,5,3,1,1,,53,55
7,1,12860.030407,9.574e-29,0.01721,0.0354,0.037,2627.8716,0.63,-0.0091,       b      1,       X      1,, P 27Q 26     d,3,4,5,4,4,4,42,5,5,3,1,1,,53,53
7,1,12868.927763,1.917e-28,0.01816,0.0376,0.04,2479.6492,0.63,-0.0089,       b      1,       X      1,, P 25P 25     d,3,4,5,4,4,4,42,5,5,3,1,1,,49,51
7,1,12870.719592,1.838e-28,0.01727,0.0376,0.04,2477.8574,0.63,-0.0089,       b      1,       X      1,, P 25Q 24     d,3,4,5,4,4,4,42,5,5,3,1,1,,49,49
7,1,12871.38808,6e-31,0.00000006419,0.0354,0.037,1083.4335,0.63,-0.0091,       b      0,       X      0,, N 27O 26     q,5,7,6,6,5,3,47,28,7,4,1,2,,49,53
7,1,12879.203619,3.477e-28,0.0183,0.0398,0.042,2340.8764,0.63,-0.0089,       b      1,       X      1,, P 23P 23     d,3,4,6,4,4,4,42,5,5,3,1,1,,45,47
7,1,12881.013264,3.319e-28,0.01732,0.0398,0.042,2339.0667,0.63,-0.0089,       b      1,       X      1,, P 23Q 22     d,3,4,6,4,4,4,42,5,5,3,1,1,,45,45
7,1,12889.085363,5.929e-28,0.01845,0.0417,0.043,2213.3501,0.63,-0.0089,       b      1,       X      1,, P 21P 21     d,3,4,6,4,4,4,42,5,5,3,1,1,,41,43
7,1,12890.91305,5.629e-28,0.01737,0.0417,0.043,2211.5224,0.64,-0.0085,       b      1,       X      1,, P 21Q 20     d,3,4,6,4,4,4,42,5,5,3,1,1,,41,41
7,1,12892.85936,1.15e-30,0.0000000643,0.0376,0.039,931.7433,0.63,-0.0089,       b      0,       X      0,, N 25O 24     q,5,7,6,6,5,3,47,28,7,4,1,2,,45,49
7,1,12898.57436,9.492e-28,0.01863,0.0434,0.043,2097.0913,0.64,-0.0083,       b      1,       X      1,, P 19P 19     d,3,4,6,4,4,4,42,5,5,3,1,1,,37,39
7,1,12899.260968,4.211e-29,0.02239,0.0233,0.027,2956.3693,0.63,-0.01,       b      0,       X      0,, P 45P 45     d,4,7,6,6,5,3,45,26,15,12,1,2,,89,91
7,1,12900.420384,8.956e-28,0.01743,0.0434,0.043,2095.2453,0.65,-0.0078,       b      1,       X      1,, P 19Q 18     d,3,4,6,4,4,4,42,5,5,3,1,1,,37,37
7,1,12900.876614,4.119e-29,0.02174,0.0233,0.027,2954.7537,0.63,-0.01,       b      0,       X      0,, P 45Q 44     d,4,7,6,6,5,3,45,26,15,12,1,2,,89,89
7,1,12907.671759,1.424e-27,0.01884,0.0447,0.045,1992.1189,0.65,-0.0075,       b      1,       X      1,, P 17P 17     d,3,4,6,4,4,4,42,5,5,3,1,1,,33,35
7,1,12909.536518,1.333e-27,0.01748,0.0447,0.045,1990.2542,0.65,-0.0074,       b      1,       X      1,, P 17Q 16     d,3,4,6,4,4,4,42,5,5,3,1,1,,33,33
7,1,12913.221492,1.373e-28,0.02245,0.0239,0.028,2703.8684,0.63,-0.01,       b      0,       X      0,, P 43P 43     d,4,7,6,6,5,3,45,26,15,12,1,2,,85,87
7,1,12913.97982,2.11e-30,0.00000006567,0.0398,0.041,791.4032,0.63,-0.0089,       b      0,       X      0,, N 23O 22     q,5,7,6,6,5,3,47,28,7,4,1,2,,41,45
7,1,12914.854071,1.341e-28,0.02176,0.0239,0.028,2702.2358,0.63,-0.01,       b      0,       X      0,, P 43Q 42     d,4,7,6,6,5,3,45,26,15,12,1,2,,85,85
7,1,12916.378499,1.997e-27,0.0191,0.0458,0.047,1898.4502,0.66,-0.0074,       b      1,       X      1,, P 15P 15     d,3,4,6,4,4,4,42,5,5,3,1,1,,29,31
7,1,12918.26255,1.852e-27,0.01755,0.0458,0.047,1896.5662,0.67,-0.0074,       b      1,       X      1,, P 15Q 14     d,3,4,6,4,4,4,42,5,5,3,1,1,,29,29
7,1,12924.695302,2.609e-27,0.01942,0.0468,0.048,1816.1005,0.7,-0.0074,       b      1,       X      1,, P 13P 13     d,3,4,6,4,4,4,42,5,5,3,1,1,,25,27
7,1,12926.599465,2.389e-27,0.01762,0.0468,0.048,1814.1963,0.72,-0.0074,       b      1,       X      1,, P 13Q 12     d,3,4,6,4,4,4,42,5,5,3,1,1,,25,25
7,1,12926.783009,4.233e-28,0.02251,0.0246,0.029,2462.4308,0.63,-0.01,       b      0,       X      0,, P 41P 41     d,4,7,6,6,5,3,45,26,15,12,1,2,,81,83
7,1,12928.432561,4.13e-28,0.02179,0.0246,0.029,2460.7812,0.63,-0.01,       b      0,       X      0,, P 41Q 40     d,4,7,6,6,5,3,45,26,15,12,1,2,,81,81
7,1,12932.62268,3.16e-27,0.01985,0.0478,0.049,1745.0832,0.72,-0.00755,       b      1,       X      1,, P 11P 11     d,3,4,6,4,4,4,42,5,5,3,1,1,,21,23
7,1,12934.548237,2.844e-27,0.01771,0.0478,0.049,1743.1576,0.73,-0.0075,       b      1,       X      1,, P 11Q 10     d,3,4,6,4,4,4,42,5,5,3,1,1,,21,21
7,1,12934.74895,3.62e-30,0.00000006692,0.0417,0.042,662.4359,0.64,-0.0085,       b      0,       X      0,, N 21O 20     q,5,7,6,6,5,3,47,28,7,4,1,2,,37,41
7,1,12939.949105,1.234e-27,0.02258,0.0255,0.029,2232.0957,0.63,-0.01,       b      0,       X      0,, P 39P 39     d,4,7,6,6,5,3,45,26,15,12,1,2,,77,79
7,1,12940.16093,3.522e-27,0.02047,0.0491,0.049,1685.41,0.74,-0.0075,       b      1,       X      1,, P  9P  9     d,3,4,6,4,4,4,42,5,5,3,1,1,,17,19
7,1,12941.615675,1.202e-27,0.02182,0.0255,0.029,2230.4292,0.63,-0.01,       b      0,       X      0,, P 39Q 38     d,4,7,6,6,5,3,45,26,15,12,1,2,,77,77
7,1,12942.110059,3.093e-27,0.01782,0.0491,0.049,1683.4608,0.74,-0.0073,       b      1,       X      1,, P  9Q  8     d,3,4,6,4,4,4,42,5,5,3,1,1,,17,17
7,1,12947.310136,3.565e-27,0.02145,0.0507,0.052,1637.0905,0.73,-0.007,       b      1,       X      1,, P  7P  7     d,3,4,6,4,4,4,42,5,5,3,1,1,,13,15
7,1,12949.287021,3.014e-27,0.01797,0.0507,0.052,1635.1137,0.73,-0.0071,       b      1,       X      1,, P  7Q  6     d,3,4,6,4,4,4,42,5,5,3,1,1,,13,13
7,1,12952.723123,3.397e-27,0.02264,0.0266,0.03,2012.9006,0.63,-0.01,       b      0,       X      0,, P 37P 37     d,4,7,6,6,5,3,45,26,15,12,1,2,,73,75
7,1,12954.070167,3.202e-27,0.02328,0.053,0.053,1600.1329,0.74,-0.0071,       b      1,       X      1,, P  5P  5     d,3,4,6,4,4,4,42,5,5,3,1,1,,9,11
7,1,12954.406761,3.304e-27,0.02184,0.0266,0.03,2011.217,0.63,-0.01,       b      0,       X      0,, P 37Q 36     d,4,7,6,6,5,3,45,26,15,12,1,2,,73,73
7,1,12955.16606,5.86e-30,0.0000000688,0.0434,0.043,544.8622,0.65,-0.0078,       b      0,       X      0,, N 19O 18     q,5,7,6,6,5,3,47,28,7,4,1,2,,33,37
7,1,12956.08459,2.532e-27,0.01823,0.053,0.053,1598.1184,0.72,-0.00645,       b      1,       X      1,, P  5Q  4     d,3,4,6,4,4,4,42,5,5,3,1,1,,9,9
7,1,12960.440683,2.418e-27,0.02797,0.0563,0.055,1574.5429,0.7,-0.0056,       b      1,       X      1,, P  3P  3     d,3,4,6,4,4,4,42,5,5,3,1,1,,5,7
7,1,12962.526313,1.65e-27,0.0189,0.0563,0.055,1572.4573,0.71,-0.0051,       b      1,       X      1,, P  3Q  2     d,3,4,6,4,4,4,42,5,5,3,1,1,,5,5
7,1,12965.108162,8.838e-27,0.02271,0.0278,0.032,1804.881,0.63,-0.0097,       b      0,       X      0,, P 35P 35     d,4,8,6,6,5,3,45,26,15,12,1,2,,69,71
7,1,12966.421806,1.296e-27,0.07001,0.0615,0.059,1560.3249,0.72,-0.0052,       b      1,       X      1,, P  1P  1     d,3,4,6,4,4,4,42,5,5,3,1,1,,1,3
7,1,12966.80893,8.579e-27,0.02187,0.0278,0.032,1803.1802,0.63,-0.0096,       b      0,       X      0,, P 35Q 34     d,5,8,7,7,5,3,45,26,15,12,1,2,,69,69
7,3,12970.822007,4.404e-30,0.02404,0.0278,0.032,1752.7051,0.63,-0.0097,       b      0,       X      0,, P 35P 35     d,3,5,6,6,5,3,46,27,15,12,1,2,,414,426
7,3,12972.530801,4.278e-30,0.02317,0.0278,0.032,1750.9963,0.63,-0.0096,       b      0,       X      0,, P 35Q 34     d,3,5,6,6,5,3,46,27,15,12,1,2,,414,414
7,1,12974.658663,6.486e-28,0.007017,0.0563,0.055,1560.3249,0.71,-0.005,       b      1,       X      1,, R  1R  1     d,3,4,6,4,4,4,42,5,5,3,1,1,,5,3
7,1,12975.23027,8.83e-30,0.00000007063,0.0447,0.044,438.701,0.65,-0.0074,       b      0,       X      0,, N 17O 16     q,5,7,6,6,5,3,47,28,7,4,1,2,,29,33
7,2,12975.867106,2.666e-29,0.02216,0.0278,0.032,1705.8,0.63,-0.0097,       b      0,       X      0,, P 35P 35     d,4,7,6,7,5,3,46,27,15,12,1,2,,69,71
7,1,12976.543778,1.505e-27,0.01614,0.0563,0.055,1558.4398,0.71,-0.0051,       b      1,       X      1,, R  1Q  2     d,3,4,6,4,4,4,42,5,5,3,1,1,,5,5
7,3,12976.687356,6.854e-30,0.02408,0.0286,0.032,1655.8106,0.63,-0.0096,       b      0,       X      0,, P 34P 34     d,3,5,6,6,5,3,46,27,15,12,1,2,,402,414
7,1,12977.107088,2.17e-26,0.02278,0.0294,0.033,1608.0705,0.63,-0.0095,       b      0,       X      0,, P 33P 33     d,5,8,7,7,5,3,45,26,15,12,1,2,,65,67
7,2,12977.582955,2.591e-29,0.02136,0.0278,0.032,1704.0841,0.63,-0.0096,       b      0,       X      0,, P 35Q 34     d,4,7,6,7,5,3,46,27,15,12,1,2,,69,69
7,3,12978.404475,6.651e-30,0.02318,0.0286,0.032,1654.0935,0.63,-0.0095,       b      0,       X      0,, P 34Q 33     d,3,5,6,6,5,3,46,27,15,12,1,2,,402,402
7,1,12978.825055,2.102e-26,0.02189,0.0294,0.033,1606.3526,0.63,-0.0094,       b      0,       X      0,, P 33Q 32     d,5,8,7,7,5,3,45,26,15,12,1,2,,65,65
7,1,12979.660093,1.817e-27,0.01171,0.053,0.053,1574.5429,0.72,-0.0059,       b      1,       X      1,, R  3R  3     d,3,4,6,4,4,4,42,5,5,3,1,1,,9,7
7,2,12981.575607,4.098e-29,0.0222,0.0286,0.032,1611.4988,0.63,-0.0096,       b      0,       X      0,, P 34P 34     d,4,7,6,7,5,3,46,27,15,12,1,2,,67,69
7,1,12981.616474,2.63e-27,0.0168,0.053,0.053,1572.5865,0.72,-0.00645,       b      1,       X      1,, R  3Q  4     d,3,4,6,4,4,4,42,5,5,3,1,1,,9,9
7,3,12982.459761,1.052e-29,0.02413,0.0294,0.033,1561.642,0.63,-0.0095,       b      0,       X      0,, P 33P 33     d,3,5,6,6,5,3,46,27,15,12,1,2,,390,402
7,2,12983.299546,3.979e-29,0.02138,0.0286,0.032,1609.7749,0.63,-0.0095,       b      0,       X      0,, P 34Q 33     d,4,7,6,7,5,3,46,27,15,12,1,2,,67,67
7,3,12984.185223,1.02e-29,0.0232,0.0294,0.033,1559.9165,0.63,-0.0094,       b      0,       X      0,, P 33Q 32     d,3,5,6,6,5,3,46,27,15,12,1,2,,390,390
7,1,12984.267824,2.674e-27,0.01352,0.0507,0.052,1600.1329,0.73,-0.0061,       b      1,       X      1,, R  5R  5     d,3,4,6,4,4,4,42,5,5,3,1,1,,13,11
7,1,12986.261834,3.404e-27,0.01705,0.0507,0.052,1598.1388,0.73,-0.0071,       b      1,       X      1,, R  5Q  6     d,3,4,6,4,4,4,42,5,5,3,1,1,,13,13
7,2,12987.193454,6.211e-29,0.02223,0.0294,0.033,1519.8505,0.63,-0.0095,       b      0,       X      0,, P 33P 33     d,4,7,6,7,5,3,46,27,15,12,1,2,,65,67
7,3,12988.139499,1.591e-29,0.02416,0.0303,0.033,1470.2028,0.63,-0.0094,       b      0,       X      0,, P 32P 32     d,3,5,6,6,5,3,46,27,15,12,1,2,,378,390
7,1,12988.48034,3.13e-27,0.01449,0.0491,0.049,1637.0905,0.74,-0.00615,       b      1,       X      1,, R  7R  7     d,3,4,6,4,4,4,42,5,5,3,1,1,,17,15
7,1,12988.722531,5.029e-26,0.02287,0.0312,0.034,1422.5012,0.63,-0.0093,       b      0,       X      0,, P 31P 31     d,5,8,7,7,5,3,45,26,15,12,1,2,,61,63
7,2,12988.925501,6.024e-29,0.02139,0.0294,0.033,1518.1185,0.63,-0.0094,       b      0,       X      0,, P 33Q 32     d,4,7,6,7,5,3,46,27,15,12,1,2,,65,65
7,3,12989.873323,1.541e-29,0.02321,0.0303,0.033,1468.469,0.63,-0.0093,       b      0,       X      0,, P 32Q 31     d,3,5,6,6,5,3,46,27,15,12,1,2,,378,378
7,1,12990.457779,4.86e-26,0.02192,0.0312,0.034,1420.766,0.63,-0.0093,       b      0,       X      0,, P 31Q 30     d,5,8,7,7,5,3,45,26,15,12,1,2,,61,61
7,1,12990.502232,3.749e-27,0.0172,0.0491,0.049,1635.0686,0.74,-0.0073,       b      1,       X      1,, R  7Q  8     d,3,4,6,4,4,4,42,5,5,3,1,1,,17,17
7,1,12992.295912,3.182e-27,0.0151,0.0478,0.049,1685.41,0.73,-0.0062,       b      1,       X      1,, R  9R  9     d,3,4,6,4,4,4,42,5,5,3,1,1,,21,19
7,2,12992.720944,9.286e-29,0.02227,0.0303,0.033,1430.8589,0.63,-0.0094,       b      0,       X      0,, P 32P 32     d,4,7,6,7,5,3,46,27,15,12,1,2,,63,65
7,3,12993.726835,2.374e-29,0.02421,0.0312,0.034,1381.4967,0.63,-0.0093,       b      0,       X      0,, P 31P 31     d,3,5,6,6,5,3,46,27,15,12,1,2,,366,378
7,1,12994.341536,3.68e-27,0.01729,0.0478,0.049,1683.3643,0.73,-0.0075,       b      1,       X      1,, R  9Q 10     d,3,4,6,4,4,4,42,5,5,3,1,1,,21,21
7,2,12994.461116,8.997e-29,0.0214,0.0303,0.033,1429.1187,0.63,-0.0093,       b      0,       X      0,, P 32Q 31     d,4,7,6,7,5,3,46,27,15,12,1,2,,63,63
7,1,12994.94055,1.25e-29,0.00000007341,0.0458,0.046,343.9694,0.67,-0.0074,       b      0,       X      0,, N 15O 14     q,5,7,6,6,5,3,47,28,7,4,1,2,,25,29
7,3,12995.469042,2.296e-29,0.02322,0.0312,0.034,1379.7545,0.63,-0.0093,       b      0,       X      0,, P 31Q 30     d,3,5,6,6,5,3,46,27,15,12,1,2,,366,366
7,1,12995.712598,2.911e-27,0.01551,0.0468,0.048,1745.0832,0.72,-0.00665,       b      1,       X      1,, R 11R 11     d,3,4,6,4,4,4,42,5,5,3,1,1,,25,23
7,1,12997.779808,3.289e-27,0.01736,0.0468,0.048,1743.016,0.72,-0.0074,       b      1,       X      1,, R 11Q 12     d,3,4,6,4,4,4,42,5,5,3,1,1,,25,25
7,2,12998.15836,1.369e-28,0.02231,0.0312,0.034,1344.5273,0.63,-0.0093,       b      0,       X      0,, P 31P 31     d,4,7,6,7,5,3,46,27,15,12,1,2,,61,63
7,1,12998.728241,2.437e-27,0.01582,0.0458,0.047,1816.1005,0.67,-0.0072,       b      1,       X      1,, R 13R 13     d,3,4,6,4,4,4,42,5,5,3,1,1,,29,27
7,3,12999.222023,3.491e-29,0.02426,0.0322,0.035,1295.5273,0.63,-0.0093,       b      0,       X      0,, P 30P 30     d,3,5,6,6,5,3,46,27,15,12,1,2,,354,366
7,2,12999.906677,1.325e-28,0.02141,0.0312,0.034,1342.7789,0.63,-0.0093,       b      0,       X      0,, P 31Q 30     d,4,7,6,7,5,3,46,27,15,12,1,2,,61,61
7,1,12999.956891,1.099e-25,0.02296,0.0332,0.035,1248.2031,0.63,-0.0092,       b      0,       X      0,, P 29P 29     d,5,8,7,7,5,3,45,26,15,12,1,2,,57,59
7,1,13000.815789,2.708e-27,0.0174,0.0458,0.047,1814.0129,0.67,-0.0074,       b      1,       X      1,, R 13Q 14     d,3,4,6,4,4,4,42,5,5,3,1,1,,29,29
7,3,13000.972635,3.371e-29,0.02323,0.0322,0.035,1293.7766,0.63,-0.0092,       b      0,       X      0,, P 30Q 29     d,3,5,6,6,5,3,46,27,15,12,1,2,,354,354
7,1,13001.340473,1.884e-27,0.01604,0.0447,0.045,1898.4502,0.65,-0.0073,       b      1,       X      1,, R 15R 15     d,3,4,6,4,4,4,42,5,5,3,1,1,,33,31
7,1,13001.709517,1.059e-25,0.02195,0.0332,0.035,1246.4505,0.63,-0.0091,       b      0,       X      0,, P 29Q 28     d,5,8,7,7,5,3,45,26,15,12,1,2,,57,57
7,1,13002.18633,1.44e-30,0.0000002978,0.0312,0.034,1245.9725,0.63,-0.0093,       b      0,       X      0,, P 29O 30     q,5,7,6,6,5,3,47,28,7,4,1,2,,57,61
7,1,13003.447572,2.069e-27,0.01744,0.0447,0.045,1896.3431,0.65,-0.0074,       b      1,       X      1,, R 15Q 16     d,3,4,6,4,4,4,42,5,5,3,1,1,,33,33
7,2,13003.505971,1.991e-28,0.02235,0.0322,0.035,1260.8592,0.63,-0.0093,       b      0,       X      0,, P 30P 30     d,5,7,6,7,5,3,46,27,15,12,1,2,,59,61
7,1,13003.54671,1.355e-27,0.01623,0.0434,0.043,1992.1189,0.65,-0.0075,       b      1,       X      1,, R 17R 17     d,3,4,6,4,4,4,42,5,5,3,1,1,,37,35
7,3,13004.625304,5.06e-29,0.0243,0.0332,0.035,1212.2977,0.63,-0.0092,       b      0,       X      0,, P 29P 29     d,3,5,6,6,5,3,46,27,15,12,1,2,,342,354
7,2,13005.262455,1.924e-28,0.02142,0.0322,0.035,1259.1027,0.63,-0.0092,       b      0,       X      0,, P 30Q 29     d,5,7,6,7,5,3,46,27,15,12,1,2,,59,59
7,1,13005.344156,9.092e-28,0.01637,0.0417,0.043,2097.0913,0.64,-0.0073,       b      1,       X      1,, R 19R 19     d,3,4,6,4,4,4,42,5,5,3,1,1,,41,39
7,1,13005.672837,1.474e-27,0.01748,0.0434,0.043,1989.9928,0.65,-0.0078,       b      1,       X      1,, R 17Q 18     d,3,4,6,4,4,4,42,5,5,3,1,1,,37,37
7,3,13006.384347,4.88e-29,0.02325,0.0332,0.035,1210.5387,0.63,-0.0091,       b      0,       X      0,, P 29Q 28     d,3,5,6,6,5,3,46,27,15,12,1,2,,342,342
7,1,13006.729803,5.711e-28,0.01649,0.0398,0.042,2213.3501,0.63,-0.0083,       b      1,       X      1,, R 21R 21     d,3,4,6,4,4,4,42,5,5,3,1,1,,45,43
7,1,13007.488946,9.817e-28,0.0175,0.0417,0.043,2094.9465,0.64,-0.0085,       b      1,       X      1,, R 19Q 20     d,3,4,6,4,4,4,42,5,5,3,1,1,,41,41
7,1,13007.700427,3.366e-28,0.0166,0.0376,0.04,2340.8764,0.63,-0.0091,       b      1,       X      1,, R 23R 23     d,3,4,5,4,4,4,42,5,5,3,1,1,,49,47
7,1,13008.08674,4.763e-29,0.01681,0.0312,0.034,2790.8417,0.63,-0.0097,       b      1,       X      1,, R 29R 29     d,3,4,5,4,4,4,42,5,5,3,1,1,,61,59
7,1,13008.252593,1.864e-28,0.01668,0.0354,0.037,2479.6492,0.63,-0.0093,       b      1,       X      1,, R 25R 25     d,3,4,5,4,4,4,42,5,5,3,1,1,,53,51
7,1,13008.382652,9.708e-29,0.01675,0.0332,0.036,2629.6458,0.63,-0.0095,       b      1,       X      1,, R 27R 27     d,3,4,5,4,4,4,42,5,5,3,1,1,,57,55
7,2,13008.764033,2.856e-28,0.02241,0.0332,0.035,1179.8579,0.63,-0.0092,       b      0,       X      0,, P 29P 29     d,5,7,6,7,5,3,46,27,15,12,1,2,,57,59
7,1,13008.892995,6.13e-28,0.01752,0.0398,0.042,2211.1869,0.63,-0.0089,       b      1,       X      1,, R 21Q 22     d,3,4,6,4,4,4,42,5,5,3,1,1,,45,45
7,1,13009.881829,3.594e-28,0.01754,0.0376,0.04,2338.695,0.63,-0.0089,       b      1,       X      1,, R 23Q 24     d,3,4,5,4,4,4,42,5,5,3,1,1,,49,49
7,3,13009.936909,7.23e-29,0.02436,0.0341,0.036,1131.8115,0.63,-0.0091,       b      0,       X      0,, P 28P 28     d,3,5,6,6,5,3,46,27,15,12,1,2,,330,342
7,1,13010.322043,5.031e-29,0.01757,0.0312,0.034,2788.6064,0.63,-0.0093,       b      1,       X      1,, R 29Q 30     d,3,4,5,4,4,4,42,5,5,3,1,1,,61,61
7,1,13010.452061,1.982e-28,0.01755,0.0354,0.037,2477.4497,0.63,-0.0091,       b      1,       X      1,, R 25Q 26     d,3,4,5,4,4,4,42,5,5,3,1,1,,53,53
7,2,13010.528707,2.756e-28,0.02144,0.0332,0.035,1178.0933,0.63,-0.0091,       b      0,       X      0,, P 29Q 28     d,5,7,6,7,5,3,46,27,15,12,1,2,,57,57
7,1,13010.600078,1.029e-28,0.01757,0.0332,0.036,2627.4284,0.63,-0.0091,       b      1,       X      1,, R 27Q 28     d,3,4,5,4,4,4,42,5,5,3,1,1,,57,57
7,1,13010.812342,2.263e-25,0.02307,0.0355,0.037,1085.2044,0.63,-0.0091,       b      0,       X      0,, P 27P 27     d,5,8,7,7,5,3,45,26,15,12,1,2,,53,55
7,3,13011.70441,6.962e-29,0.02326,0.0341,0.036,1130.044,0.63,-0.0091,       b      0,       X      0,, P 28Q 27     d,3,5,6,6,5,3,46,27,15,12,1,2,,330,330
7,1,13012.582464,2.174e-25,0.02198,0.0355,0.037,1083.4343,0.63,-0.0091,       b      0,       X      0,, P 27Q 26     d,5,8,7,7,5,3,45,26,15,12,1,2,,53,53
7,1,13013.02394,2.97e-30,0.0000002996,0.0332,0.036,1082.9921,0.63,-0.0091,       b      0,       X      0,, P 27O 28     q,5,7,6,6,5,3,47,28,7,4,1,2,,53,57
7,2,13013.932787,4.036e-28,0.02244,0.0341,0.036,1101.5267,0.63,-0.0091,       b      0,       X      0,, P 28P 28     d,5,7,6,7,5,3,46,27,15,12,1,2,,55,57
7,1,13014.29577,1.63e-29,0.00000007625,0.0468,0.047,260.6825,0.72,-0.0074,       b      0,       X      0,, N 13O 12     q,5,7,6,6,5,3,47,28,7,4,1,2,,21,25
7,3,13015.157057,1.018e-28,0.02441,0.0355,0.037,1054.0716,0.63,-0.0091,       b      0,       X      0,, P 27P 27     d,3,5,6,6,5,3,46,27,15,12,1,2,,318,330
7,2,13015.705676,3.89e-28,0.02145,0.0341,0.036,1099.7538,0.63,-0.0091,       b      0,       X      0,, P 28Q 27     d,5,7,6,7,5,3,46,27,15,12,1,2,,55,55
7,3,13016.933046,9.788e-29,0.02327,0.0355,0.037,1052.2956,0.63,-0.0091,       b      0,       X      0,, P 27Q 26     d,3,5,6,6,5,3,46,27,15,12,1,2,,318,318
7,2,13019.012462,5.627e-28,0.0225,0.0355,0.037,1025.8686,0.63,-0.0091,       b      0,       X      0,, P 27P 27     d,5,7,6,7,5,3,46,27,15,12,1,2,,53,55
7,3,13020.285953,1.413e-28,0.02447,0.0365,0.038,979.0812,0.63,-0.0091,       b      0,       X      0,, P 26P 26     d,3,5,6,6,5,3,46,27,15,12,1,2,,306,318
7,2,13020.793595,5.414e-28,0.02146,0.0355,0.037,1024.0874,0.63,-0.0091,       b      0,       X      0,, P 27Q 26     d,5,7,6,7,5,3,46,27,15,12,1,2,,53,53
7,1,13021.290834,4.388e-25,0.02318,0.0375,0.039,933.5315,0.63,-0.0089,       b      0,       X      0,, P 25P 25     d,5,8,7,7,5,3,45,26,15,12,1,2,,49,51
7,3,13022.070465,1.356e-28,0.02329,0.0365,0.038,977.2967,0.63,-0.0089,       b      0,       X      0,, P 26Q 25     d,3,5,6,6,5,3,46,27,15,12,1,2,,306,306
7,1,13023.078597,4.2e-25,0.022,0.0375,0.039,931.7438,0.63,-0.0089,       b      0,       X      0,, P 25Q 24     d,5,8,7,7,5,3,45,26,15,12,1,2,,49,49
7,1,13023.48451,5.78e-30,0.0000003022,0.0354,0.037,931.3374,0.63,-0.0091,       b      0,       X      0,, P 25O 26     q,5,7,6,6,5,3,47,28,7,4,1,2,,49,53
7,2,13024.003273,7.733e-28,0.02255,0.0365,0.038,952.8865,0.63,-0.0091,       b      0,       X      0,, P 26P 26     d,5,7,6,7,5,3,46,27,15,12,1,2,,51,53
7,3,13025.323794,1.932e-28,0.02454,0.0375,0.039,906.8432,0.63,-0.0089,       b      0,       X      0,, P 25P 25     d,3,5,6,6,5,3,46,27,15,12,1,2,,294,306
7,2,13025.792682,7.428e-28,0.02148,0.0365,0.038,951.0971,0.63,-0.0089,       b      0,       X      0,, P 26Q 25     d,5,7,6,7,5,3,46,27,15,12,1,2,,51,51
7,3,13027.116866,1.851e-28,0.02331,0.0375,0.039,905.0501,0.63,-0.0089,       b      0,       X      0,, P 25Q 24     d,3,5,6,6,5,3,46,27,15,12,1,2,,294,294
7,2,13028.905423,1.047e-27,0.0226,0.0375,0.039,882.5834,0.63,-0.0089,       b      0,       X      0,, P 25P 25     d,5,7,6,7,5,3,46,27,15,12,1,2,,49,51
7,3,13030.270762,2.603e-28,0.0246,0.0389,0.04,837.3604,0.63,-0.0089,       b      0,       X      0,, P 24P 24     d,3,5,6,6,5,3,46,27,15,12,1,2,,282,294
7,2,13030.703143,1.004e-27,0.02149,0.0375,0.039,880.7857,0.63,-0.0089,       b      0,       X      0,, P 25Q 24     d,5,7,6,7,5,3,46,27,15,12,1,2,,49,49
7,1,13031.394096,8.005e-25,0.02332,0.0399,0.04,793.209,0.63,-0.0089,       b      0,       X      0,, P 23P 23     d,5,8,7,7,5,3,45,26,15,12,1,2,,45,47
7,3,13032.072436,2.488e-28,0.02332,0.0389,0.04,835.5587,0.63,-0.0089,       b      0,       X      0,, P 24Q 23     d,3,5,6,6,5,3,46,27,15,12,1,2,,282,282
7,1,13033.199679,7.629e-25,0.02204,0.0399,0.04,791.4034,0.63,-0.0089,       b      0,       X      0,, P 23Q 22     d,5,8,7,7,5,3,45,26,15,12,1,2,,45,45
7,1,13033.29479,1.97e-29,0.00000008052,0.0478,0.048,188.8531,0.73,-0.0075,       b      0,       X      0,, N 11O 10     q,5,7,6,6,5,3,47,28,7,4,1,2,,17,21
7,1,13033.56974,1.06e-29,0.0000003056,0.0376,0.039,791.0332,0.63,-0.0089,       b      0,       X      0,, P 23O 24     q,5,7,6,6,5,3,47,28,7,4,1,2,,45,49
7,2,13033.719101,1.398e-27,0.02266,0.0389,0.04,814.962,0.63,-0.0089,       b      0,       X      0,, P 24P 24     d,5,7,6,7,5,3,46,27,15,12,1,2,,47,49
7,3,13035.12703,3.454e-28,0.02467,0.0399,0.04,770.6355,0.63,-0.0089,       b      0,       X      0,, P 23P 23     d,3,5,6,6,5,3,46,27,15,12,1,2,,270,282
7,2,13035.525171,1.338e-27,0.0215,0.0389,0.04,813.1559,0.63,-0.0089,       b      0,       X      0,, P 24Q 23     d,5,7,6,7,5,3,46,27,15,12,1,2,,47,47
7,3,13036.937353,3.295e-28,0.02334,0.0399,0.04,768.8252,0.63,-0.0089,       b      0,       X      0,, P 23Q 22     d,3,5,6,6,5,3,46,27,15,12,1,2,,270,270
7,2,13038.444484,1.84e-27,0.02274,0.0399,0.04,750.0249,0.63,-0.0089,       b      0,       X      0,, P 23P 23     d,5,7,6,7,5,3,46,27,15,12,1,2,,45,47
7,3,13039.892757,4.515e-28,0.02475,0.0409,0.041,706.6712,0.63,-0.0089,       b      0,       X      0,, P 22P 22     d,3,5,6,6,5,3,46,27,15,12,1,2,,258,270
7,2,13040.258949,1.756e-27,0.02151,0.0399,0.04,748.2104,0.63,-0.0089,       b      0,       X      0,, P 23Q 22     d,5,7,6,7,5,3,46,27,15,12,1,2,,45,45
7,1,13041.123637,1.372e-24,0.02347,0.0416,0.042,664.2596,0.63,-0.0089,       b      0,       X      0,, P 21P 21     d,5,8,7,7,5,3,45,26,15,12,1,2,,41,43
7,3,13041.711783,4.297e-28,0.02335,0.0409,0.041,704.8522,0.63,-0.0089,       b      0,       X      0,, P 22Q 21     d,3,5,6,6,5,3,46,27,15,12,1,2,,258,258
7,1,13042.947271,1.301e-24,0.02207,0.0416,0.042,662.436,0.64,-0.0085,       b      0,       X      0,, P 21Q 20     d,5,8,7,7,5,3,45,26,15,12,1,2,,41,41
7,2,13043.081737,2.385e-27,0.0228,0.0409,0.041,687.7747,0.63,-0.0089,       b      0,       X      0,, P 22P 22     d,5,7,6,7,5,3,46,27,15,12,1,2,,43,45
7,1,13043.28109,1.82e-29,0.0000003082,0.0398,0.041,662.1021,0.63,-0.0089,       b      0,       X      0,, P 21O 22     q,5,7,6,6,5,3,47,28,7,4,1,2,,41,45
7,3,13044.568092,5.812e-28,0.02483,0.0416,0.042,645.47,0.63,-0.0089,       b      0,       X      0,, P 21P 21     d,3,5,6,6,5,3,46,27,15,12,1,2,,246,258
7,2,13044.904646,2.271e-27,0.02153,0.0409,0.041,685.9518,0.63,-0.0089,       b      0,       X      0,, P 22Q 21     d,5,7,6,7,5,3,46,27,15,12,1,2,,43,43
7,3,13046.395881,5.517e-28,0.02337,0.0416,0.042,643.6422,0.64,-0.0085,       b      0,       X      0,, P 21Q 20     d,3,5,6,6,5,3,46,27,15,12,1,2,,246,246
7,2,13047.631011,3.046e-27,0.02288,0.0416,0.042,628.2137,0.63,-0.0089,       b      0,       X      0,, P 21P 21     d,5,8,6,7,5,3,46,27,15,12,1,2,,41,43
7,3,13049.153171,7.367e-28,0.02493,0.0426,0.042,587.0343,0.64,-0.0085,       b      0,       X      0,, P 20P 20     d,3,5,6,6,5,3,46,27,15,12,1,2,,234,246
7,2,13049.462421,2.894e-27,0.02155,0.0416,0.042,626.3823,0.64,-0.0085,       b      0,       X      0,, P 21Q 20     d,5,8,6,7,5,3,46,27,15,12,1,2,,41,41
7,1,13050.480752,2.207e-24,0.02366,0.0433,0.043,546.7042,0.64,-0.0083,       b      0,       X      0,, P 19P 19     d,5,8,7,7,5,3,45,26,15,12,1,2,,37,39
7,3,13050.989794,6.972e-28,0.02339,0.0426,0.042,585.1977,0.64,-0.0083,       b      0,       X      0,, P 20Q 19     d,3,5,6,6,5,3,46,27,15,12,1,2,,234,234
7,1,13051.93672,2.19e-29,0.00000008754,0.0491,0.049,128.4921,0.74,-0.0073,       b      0,       X      0,, N  9O  8     q,5,7,6,6,5,3,47,28,7,4,1,2,,13,17
7,2,13052.092445,3.832e-27,0.02297,0.0426,0.042,571.3444,0.64,-0.0085,       b      0,       X      0,, P 20P 20     d,5,8,6,7,5,3,46,27,15,12,1,2,,39,41
7,1,13052.322739,2.079e-24,0.0221,0.0433,0.043,544.8622,0.65,-0.0078,       b      0,       X      0,, P 19Q 18     d,5,8,7,7,5,3,45,26,15,12,1,2,,37,37
7,1,13052.61982,2.94e-29,0.0000003121,0.0417,0.042,544.5651,0.64,-0.0085,       b      0,       X      0,, P 19O 20     q,5,7,6,6,5,3,47,28,7,4,1,2,,37,41
7,3,13053.64812,9.193e-28,0.02503,0.0433,0.043,531.3663,0.64,-0.0083,       b      0,       X      0,, P 19P 19     d,3,5,6,6,5,3,46,27,15,12,1,2,,222,234
7,2,13053.932422,3.63e-27,0.02157,0.0426,0.042,569.5044,0.64,-0.0083,       b      0,       X      0,, P 20Q 19     d,5,8,6,7,5,3,46,27,15,12,1,2,,39,39
7,3,13055.493658,8.671e-28,0.02341,0.0433,0.043,529.5208,0.65,-0.0078,       b      0,       X      0,, P 19Q 18     d,3,5,6,6,5,3,46,27,15,12,1,2,,222,222
7,2,13056.466167,4.746e-27,0.02306,0.0433,0.043,517.1688,0.64,-0.0083,       b      0,       X      0,, P 19P 19     d,5,8,6,7,5,3,46,27,15,12,1,2,,37,39
7,3,13058.05305,1.129e-27,0.02515,0.0439,0.044,478.4683,0.65,-0.0078,       b      0,       X      0,, P 18P 18     d,3,5,6,6,5,3,46,27,15,12,1,2,,210,222
7,2,13058.314787,4.482e-27,0.02159,0.0433,0.043,515.3202,0.65,-0.0078,       b      0,       X      0,, P 19Q 18     d,5,8,6,7,5,3,46,27,15,12,1,2,,37,37
7,1,13059.46652,3.324e-24,0.02389,0.0446,0.044,440.5617,0.65,-0.0075,       b      0,       X      0,, P 17P 17     d,5,8,7,7,5,3,45,26,15,12,1,2,,33,35
7,3,13059.907598,1.061e-27,0.02343,0.0439,0.044,476.6137,0.65,-0.0075,       b      0,       X      0,, P 18Q 17     d,3,5,6,6,5,3,46,27,15,12,1,2,,210,210
7,2,13060.752291,5.789e-27,0.02317,0.0439,0.044,465.6892,0.65,-0.0078,       b      0,       X      0,, P 18P 18     d,5,8,6,7,5,3,46,27,15,12,1,2,,35,37
7,1,13061.327268,3.108e-24,0.02214,0.0446,0.044,438.701,0.65,-0.0074,       b      0,       X      0,, P 17Q 16     d,5,8,7,7,5,3,45,26,15,12,1,2,,33,33
7,1,13061.58694,4.44e-29,0.0000003159,0.0434,0.043,438.4414,0.65,-0.0078,       b      0,       X      0,, P 17O 18     q,5,7,6,6,5,3,47,28,7,4,1,2,,33,37
7,3,13062.368065,1.364e-27,0.02527,0.0446,0.044,428.3422,0.65,-0.0075,       b      0,       X      0,, P 17P 17     d,3,5,6,6,5,3,46,27,15,12,1,2,,198,210
7,2,13062.609642,5.447e-27,0.02161,0.0439,0.044,463.8318,0.65,-0.0075,       b      0,       X      0,, P 18Q 17     d,5,8,6,7,5,3,46,27,15,12,1,2,,35,35
7,3,13064.231733,1.277e-27,0.02345,0.0446,0.044,426.4786,0.65,-0.0074,       b      0,       X      0,, P 17Q 16     d,3,5,6,6,5,3,46,27,15,12,1,2,,198,198
7,2,13064.950922,6.949e-27,0.02328,0.0446,0.044,416.9074,0.65,-0.0075,       b      0,       X      0,, P 17P 17     d,5,8,6,7,5,3,46,27,15,12,1,2,,33,35
7,3,13066.593254,1.621e-27,0.02541,0.0453,0.045,380.9902,0.65,-0.0074,       b      0,       X      0,, P 16P 16     d,3,5,6,6,5,3,46,27,15,12,1,2,,186,198
7,2,13066.817107,6.512e-27,0.02163,0.0446,0.044,415.0412,0.65,-0.0074,       b      0,       X      0,, P 17Q 16     d,5,8,6,7,5,3,46,27,15,12,1,2,,33,33
7,1,13068.081811,4.679e-24,0.02418,0.046,0.045,345.8494,0.66,-0.0074,       b      0,       X      0,, P 15P 15     d,5,8,7,7,5,3,45,26,15,12,1,2,,29,31
7,3,13068.466175,1.511e-27,0.02348,0.0453,0.045,379.1173,0.66,-0.0074,       b      0,       X      0,, P 16Q 15     d,3,5,6,6,5,3,46,27,15,12,1,2,,186,186
7,2,13069.062149,8.206e-27,0.02341,0.0453,0.045,370.8254,0.65,-0.0074,       b      0,       X      0,, P 16P 16     d,5,8,6,7,5,3,46,27,15,12,1,2,,31,33
7,1,13069.961892,4.332e-24,0.02219,0.046,0.045,343.9694,0.67,-0.0074,       b      0,       X      0,, P 15Q 14     d,5,8,7,7,5,3,45,26,15,12,1,2,,29,29
7,1,13070.1832,6.27e-29,0.0000003208,0.0447,0.044,343.7481,0.65,-0.0074,       b      0,       X      0,, P 15O 16     q,5,7,6,6,5,3,47,28,7,4,1,2,,29,33
7,1,13070.22159,2.18e-29,0.00000009953,0.0507,0.051,79.607,0.73,-0.0071,       b      0,       X      0,, N  7O  6     q,5,7,6,6,5,3,47,28,7,4,1,2,,9,13
7,3,13070.728695,1.894e-27,0.02558,0.046,0.045,336.414,0.66,-0.0074,       b      0,       X      0,, P 15P 15     d,4,5,6,6,5,3,46,27,15,12,1,2,,174,186
7,2,13070.937292,7.658e-27,0.02166,0.0453,0.045,368.9502,0.66,-0.0074,       b      0,       X      0,, P 16Q 15     d,5,8,6,7,5,3,46,27,15,12,1,2,,31,31
7,3,13072.611027,1.756e-27,0.0235,0.046,0.045,334.5316,0.67,-0.0074,       b      0,       X      0,, P 15Q 14     d,4,5,6,6,5,3,46,27,15,12,1,2,,174,174
7,2,13073.086052,9.532e-27,0.02356,0.046,0.045,327.4449,0.66,-0.0074,       b      0,       X      0,, P 15P 15     d,5,8,6,7,5,3,46,27,15,12,1,2,,29,31
7,3,13074.774454,2.174e-27,0.02575,0.0463,0.046,294.6153,0.67,-0.0074,       b      0,       X      0,, P 14P 14     d,4,5,6,6,5,3,46,27,15,12,1,2,,162,174
7,2,13074.970302,8.851e-27,0.02168,0.046,0.045,325.5607,0.67,-0.0074,       b      0,       X      0,, P 15Q 14     d,5,8,6,7,5,3,46,27,15,12,1,2,,29,29
7,1,13076.327282,6.131e-24,0.02455,0.047,0.046,262.5826,0.7,-0.0074,       b      0,       X      0,, P 13P 13     d,5,8,7,7,5,3,45,26,15,12,1,2,,25,27
7,3,13076.666392,2.005e-27,0.02354,0.0463,0.046,292.7234,0.7,-0.0074,       b      0,       X      0,, P 14Q 13     d,4,5,6,6,5,3,46,27,15,12,1,2,,162,162
7,2,13077.022698,1.089e-26,0.02374,0.0463,0.046,286.7677,0.67,-0.0074,       b      0,       X      0,, P 14P 14     d,5,8,6,7,5,3,46,27,15,12,1,2,,27,29
7,1,13078.227537,5.605e-24,0.02224,0.047,0.046,260.6824,0.72,-0.0074,       b      0,       X      0,, P 13Q 12     d,5,8,7,7,5,3,45,26,15,12,1,2,,25,25
7,1,13078.4091,8.24e-29,0.0000003267,0.0458,0.046,260.5009,0.67,-0.0074,       b      0,       X      0,, P 13O 14     q,5,7,6,6,5,3,47,28,7,4,1,2,,25,29
7,3,13078.730587,2.452e-27,0.02596,0.047,0.046,255.5958,0.7,-0.0074,       b      0,       X      0,, P 13P 13     d,4,5,6,6,5,3,46,27,15,12,1,2,,150,162
7,2,13078.916235,1.005e-26,0.02171,0.0463,0.046,284.8742,0.7,-0.0074,       b      0,       X      0,, P 14Q 13     d,5,8,6,7,5,3,46,27,15,12,1,2,,27,27
7,3,13080.632369,2.246e-27,0.02357,0.047,0.046,253.6941,0.72,-0.0074,       b      0,       X      0,, P 13Q 12     d,4,5,6,6,5,3,46,27,15,12,1,2,,150,150
7,2,13080.872144,1.221e-26,0.02391,0.047,0.046,248.7952,0.7,-0.0074,       b      0,       X      0,, P 13P 13     d,5,8,6,7,5,3,46,27,15,12,1,2,,25,27
7,3,13082.597136,2.715e-27,0.02622,0.0473,0.047,219.3571,0.72,-0.0074,       b      0,       X      0,, P 12P 12     d,4,5,6,6,5,3,46,27,15,12,1,2,,138,150
7,2,13082.775192,1.12e-26,0.02174,0.047,0.046,246.8922,0.72,-0.0074,       b      0,       X      0,, P 13Q 12     d,5,8,6,7,5,3,46,27,15,12,1,2,,25,25
7,1,13084.203384,7.445e-24,0.02506,0.048,0.047,190.7748,0.72,-0.00755,       b      0,       X      0,, P 11P 11     d,5,8,7,7,5,3,45,26,15,12,1,2,,21,23
7,3,13084.509064,2.467e-27,0.02361,0.0473,0.047,217.4452,0.72,-0.00755,       b      0,       X      0,, P 12Q 11     d,4,5,6,6,5,3,46,27,15,12,1,2,,138,138
7,2,13084.634433,1.346e-26,0.02415,0.0473,0.047,213.529,0.72,-0.0074,       b      0,       X      0,, P 12P 12     d,5,8,6,7,5,3,46,27,15,12,1,2,,23,25
7,1,13086.125129,6.69e-24,0.02232,0.048,0.047,188.853,0.73,-0.0075,       b      0,       X      0,, P 11Q 10     d,5,8,7,7,5,3,45,26,15,12,1,2,,21,21
7,1,13086.26481,1.004e-28,0.0000003347,0.0468,0.047,188.7134,0.72,-0.0074,       b      0,       X      0,, P 11O 12     q,5,7,6,6,5,3,47,28,7,4,1,2,,21,25
7,3,13086.374132,2.947e-27,0.0265,0.048,0.047,185.9005,0.72,-0.00755,       b      0,       X      0,, P 11P 11     d,4,5,6,6,5,3,46,27,15,12,1,2,,126,138
7,2,13086.547273,1.225e-26,0.02178,0.0473,0.047,211.6162,0.72,-0.00755,       b      0,       X      0,, P 12Q 11     d,5,8,6,7,5,3,46,27,15,12,1,2,,23,23
7,1,13088.15293,1.87e-29,0.0000001285,0.053,0.053,42.2001,0.72,-0.00645,       b      0,       X      0,, N  5O  4     q,5,7,6,6,5,3,47,28,7,4,1,2,,5,9
7,3,13088.296594,2.654e-27,0.02365,0.048,0.047,183.9781,0.73,-0.0075,       b      0,       X      0,, P 11Q 10     d,4,5,6,6,5,3,46,27,15,12,1,2,,126,126
7,2,13088.309598,1.455e-26,0.02442,0.048,0.047,180.9704,0.72,-0.00755,       b      0,       X      0,, P 11P 11     d,5,8,6,7,5,3,46,27,15,12,1,2,,21,23
7,3,13090.061596,3.135e-27,0.02686,0.0483,0.048,155.2274,0.73,-0.0075,       b      0,       X      0,, P 10P 10     d,4,5,6,6,5,3,46,27,15,12,1,2,,114,126
7,2,13090.23259,1.312e-26,0.02182,0.048,0.047,179.0474,0.73,-0.0075,       b      0,       X      0,, P 11Q 10     d,5,8,6,7,5,3,46,27,15,12,1,2,,21,21
7,1,13091.710358,8.312e-24,0.02581,0.049,0.048,130.4375,0.74,-0.0075,       b      0,       X      0,, P  9P  9     d,5,8,7,7,5,3,45,26,15,12,1,2,,17,19
7,2,13091.89766,1.541e-26,0.02474,0.0483,0.048,151.1206,0.73,-0.0075,       b      0,       X      0,, P 10P 10     d,5,8,6,7,5,3,46,27,15,12,1,2,,19,21
7,3,13091.995098,2.792e-27,0.02371,0.0483,0.048,153.2939,0.74,-0.0075,       b      0,       X      0,, P 10Q  9     d,4,5,6,6,5,3,46,27,15,12,1,2,,114,114
7,1,13093.655833,7.287e-24,0.02242,0.049,0.048,128.492,0.74,-0.0073,       b      0,       X      0,, P  9Q  8     d,5,8,7,7,5,3,45,26,15,12,1,2,,17,17
7,3,13093.659535,3.262e-27,0.02729,0.049,0.048,127.3389,0.74,-0.0075,       b      0,       X      0,, P  9P  9     d,4,5,6,6,5,3,46,27,15,12,1,2,,102,114
7,1,13093.75012,1.123e-28,0.0000003453,0.0478,0.048,128.3978,0.73,-0.0075,       b      0,       X      0,, P  9O 10     q,5,7,6,6,5,3,47,28,7,4,1,2,,17,21
7,2,13093.831279,1.375e-26,0.02188,0.0483,0.048,149.187,0.74,-0.0075,       b      0,       X      0,, P 10Q  9     d,5,8,6,7,5,3,46,27,15,12,1,2,,19,19
7,2,13095.398629,1.598e-26,0.02514,0.049,0.048,123.9808,0.74,-0.0075,       b      0,       X      0,, P  9P  9     d,5,8,6,7,5,3,46,27,15,12,1,2,,17,19
7,3,13095.604765,2.867e-27,0.02377,0.049,0.048,125.3937,0.74,-0.0073,       b      0,       X      0,, P  9Q  8     d,4,5,6,6,5,3,46,27,15,12,1,2,,102,102
7,3,13097.167946,3.316e-27,0.02785,0.0497,0.049,102.2362,0.74,-0.0073,       b      0,       X      0,, P  8P  8     d,4,5,6,6,5,3,46,27,15,12,1,2,,90,102
7,2,13097.343514,1.408e-26,0.02195,0.049,0.048,122.0359,0.74,-0.0073,       b      0,       X      0,, P  9Q  8     d,5,8,6,7,5,3,46,27,15,12,1,2,,17,17
7,2,13098.812502,1.619e-26,0.02565,0.0497,0.049,99.552,0.74,-0.0073,       b      0,       X      0,, P  8P  8     d,5,8,6,7,5,3,46,27,15,12,1,2,,15,17
7,1,13098.848243,8.426e-24,0.02701,0.0507,0.05,81.5805,0.73,-0.007,       b      0,       X      0,, P  7P  7     d,5,8,7,7,5,3,45,26,15,12,1,2,,13,15
7,3,13099.125864,2.866e-27,0.02385,0.0497,0.049,100.2783,0.73,-0.007,       b      0,       X      0,, P  8Q  7     d,4,5,6,6,5,3,46,27,15,12,1,2,,90,90
7,3,13100.586813,3.284e-27,0.02856,0.0507,0.05,79.9202,0.73,-0.007,       b      0,       X      0,, P  7P  7     d,4,5,6,6,5,3,46,27,15,12,1,2,,78,90
7,2,13100.769551,1.403e-26,0.02203,0.0497,0.049,97.595,0.73,-0.007,       b      0,       X      0,, P  8Q  7     d,5,8,6,7,5,3,46,27,15,12,1,2,,15,15
7,1,13100.821748,7.11e-24,0.02258,0.0507,0.05,79.6069,0.73,-0.0071,       b      0,       X      0,, P  7Q  6     d,5,8,7,7,5,3,45,26,15,12,1,2,,13,13
7,1,13100.86413,1.14e-28,0.0000003619,0.0491,0.049,79.5646,0.74,-0.0073,       b      0,       X      0,, P  7O  8     q,5,7,6,6,5,3,47,28,7,4,1,2,,13,17
7,2,13102.139268,1.599e-26,0.02632,0.0507,0.05,77.8352,0.73,-0.007,       b      0,       X      0,, P  7P  7     d,5,8,6,7,5,3,46,27,15,12,1,2,,13,15
7,3,13102.558824,2.779e-27,0.02395,0.0507,0.05,77.9481,0.73,-0.0071,       b      0,       X      0,, P  7Q  6     d,4,5,6,6,5,3,46,27,15,12,1,2,,78,78
7,3,13103.916109,3.158e-27,0.02954,0.0517,0.051,60.3917,0.73,-0.0071,       b      0,       X      0,, P  6P  6     d,4,5,6,6,5,3,46,27,15,12,1,2,,66,78
7,2,13104.109789,1.357e-26,0.02213,0.0507,0.05,75.8647,0.73,-0.0071,       b      0,       X      0,, P  7Q  6     d,5,8,6,7,5,3,46,27,15,12,1,2,,13,13
7,2,13105.378901,1.533e-26,0.0272,0.0517,0.051,58.8312,0.73,-0.0071,       b      0,       X      0,, P  6P  6     d,5,8,6,7,5,3,46,27,15,12,1,2,,11,13
7,1,13105.61687,7.573e-24,0.02927,0.0531,0.052,44.2117,0.74,-0.0071,       b      0,       X      0,, P  5P  5     d,5,8,7,7,5,3,45,26,15,12,1,2,,9,11
7,1,13105.75288,1.14e-29,0.0000003461,0.0563,0.055,16.2529,0.71,-0.0051,       b      0,       X      0,, N  3O  2     q,5,7,6,6,5,3,47,28,7,4,1,2,,1,5
7,3,13105.904385,2.6e-27,0.02409,0.0517,0.051,58.4035,0.74,-0.0071,       b      0,       X      0,, P  6Q  5     d,4,5,6,6,5,3,46,27,15,12,1,2,,66,66
7,3,13107.155796,2.936e-27,0.03096,0.0531,0.052,43.6517,0.74,-0.0071,       b      0,       X      0,, P  5P  5     d,4,5,6,6,5,3,46,27,15,12,1,2,,54,66
7,2,13107.364921,1.266e-26,0.02226,0.0517,0.051,56.8452,0.74,-0.0071,       b      0,       X      0,, P  6Q  5     d,5,8,6,7,5,3,46,27,15,12,1,2,,11,11
7,1,13107.60461,1.023e-28,0.0000003917,0.0507,0.051,42.224,0.73,-0.0071,       b      0,       X      0,, P  5O  6     q,5,7,6,6,5,3,47,28,7,4,1,2,,9,13
7,1,13107.628463,5.974e-24,0.02287,0.0531,0.052,42.2001,0.72,-0.00645,       b      0,       X      0,, P  5Q  4     d,5,8,7,7,5,3,45,26,15,12,1,2,,9,9
7,2,13108.531365,1.422e-26,0.02851,0.0531,0.052,42.5407,0.74,-0.0071,       b      0,       X      0,, P  5P  5     d,5,8,6,7,5,3,46,27,15,12,1,2,,9,11
7,3,13109.163968,2.326e-27,0.02429,0.0531,0.052,41.6435,0.72,-0.00645,       b      0,       X      0,, P  5Q  4     d,4,5,6,6,5,3,46,27,15,12,1,2,,54,54
7,3,13110.305822,2.617e-27,0.03317,0.0544,0.053,29.7006,0.72,-0.00645,       b      0,       X      0,, P  4P  4     d,4,5,6,6,5,3,46,27,15,12,1,2,,42,54
7,2,13110.53627,1.132e-26,0.02248,0.0531,0.052,40.5358,0.72,-0.00645,       b      0,       X      0,, P  5Q  4     d,5,8,6,7,5,3,46,27,15,12,1,2,,9,9
7,2,13111.596614,1.265e-26,0.03054,0.0544,0.053,28.9643,0.72,-0.00645,       b      0,       X      0,, P  4P  4     d,5,8,6,7,5,3,46,27,15,12,1,2,,7,9
7,1,13112.015868,5.721e-24,0.03513,0.0564,0.055,18.3371,0.7,-0.0056,       b      0,       X      0,, P  3P  3     d,5,8,7,7,5,3,45,26,15,12,1,2,,5,7
7,3,13112.340671,1.961e-27,0.02462,0.0544,0.053,27.6658,0.7,-0.0056,       b      0,       X      0,, P  4Q  3     d,4,5,6,6,5,3,46,27,15,12,1,2,,42,42
7,3,13113.366126,2.21e-27,0.03716,0.0564,0.055,18.5391,0.7,-0.0056,       b      0,       X      0,, P  3P  3     d,4,5,6,6,5,3,46,27,15,12,1,2,,30,42
7,2,13113.626722,9.532e-27,0.02279,0.0544,0.053,26.9342,0.7,-0.0056,       b      0,       X      0,, P  4Q  3     d,5,8,6,7,5,3,46,27,15,12,1,2,,7,7
7,1,13113.96544,7.65e-29,0.0000004654,0.053,0.053,16.3876,0.72,-0.00645,       b      0,       X      0,, P  3O  4     q,5,7,6,6,5,3,47,28,7,4,1,2,,5,9
7,1,13114.100185,3.888e-24,0.02364,0.0564,0.055,16.2528,0.71,-0.0051,       b      0,       X      0,, P  3Q  2     d,5,8,7,7,5,3,45,26,15,12,1,2,,5,5
7,2,13114.574588,1.066e-26,0.03419,0.0564,0.055,18.1026,0.7,-0.0056,       b      0,       X      0,, P  3P  3     d,5,8,6,7,5,3,46,27,15,12,1,2,,5,7
7,3,13115.442748,1.513e-27,0.02519,0.0564,0.055,16.4625,0.71,-0.0051,       b      0,       X      0,, P  3Q  2     d,4,5,6,6,5,3,46,27,15,12,1,2,,30,30
7,3,13116.336633,1.725e-27,0.04643,0.0585,0.056,10.1676,0.71,-0.0051,       b      0,       X      0,, P  2P  2     d,4,5,6,6,5,3,46,27,15,12,1,2,,18,30
7,2,13116.643966,7.359e-27,0.02337,0.0564,0.055,16.0332,0.71,-0.0051,       b      0,       X      0,, P  3Q  2     d,5,8,6,7,5,3,46,27,15,12,1,2,,5,5
7,2,13117.46522,8.323e-27,0.04278,0.0585,0.056,9.9559,0.71,-0.0051,       b      0,       X      0,, P  2P  2     d,5,8,6,7,5,3,46,27,15,12,1,2,,3,5
7,1,13118.044661,3.066e-24,0.08786,0.0615,0.059,3.961,0.72,-0.0052,       b      0,       X      0,, P  1P  1     d,5,8,7,7,5,3,45,26,15,12,1,2,,1,3
7,3,13118.502056,9.99e-28,0.02662,0.0585,0.056,8.0022,0.72,-0.0052,       b      0,       X      0,, P  2Q  1     d,4,5,6,6,5,3,46,27,15,12,1,2,,18,18
7,3,13119.217258,1.182e-27,0.09294,0.0615,0.059,4.5864,0.72,-0.0052,       b      0,       X      0,, P  1P  1     d,4,5,6,6,5,3,46,27,15,12,1,2,,6,18
7,2,13119.617605,4.874e-27,0.0248,0.0585,0.056,7.8036,0.72,-0.0052,       b      0,       X      0,, P  2Q  1     d,5,8,6,7,5,3,46,27,15,12,1,2,,3,3
7,1,13119.92145,3.59e-29,0.00000102,0.0563,0.055,2.0843,0.71,-0.0051,       b      0,       X      0,, P  1O  2     q,5,7,6,6,5,3,47,28,7,4,1,2,,1,5
7,2,13120.268426,5.695e-27,0.08556,0.0615,0.059,4.5247,0.72,-0.0052,       b      0,       X      0,, P  1P  1     d,5,8,6,7,5,3,46,27,15,12,1,2,,1,3
7,1,13126.391964,1.531e-24,0.008786,0.0564,0.055,3.961,0.71,-0.005,       b      0,       X      0,, R  1R  1     d,5,8,7,7,5,3,45,26,15,12,1,2,,5,3
7,3,13126.5043,7.728e-28,0.01983,0.0585,0.056,0,0.72,-0.0052,       b      0,       X      0,, R  0Q  1     d,4,5,6,6,5,3,46,27,15,12,1,2,,18,18
7,3,13127.318812,5.902e-28,0.009293,0.0564,0.055,4.5864,0.71,-0.005,       b      0,       X      0,, R  1R  1     d,4,5,6,6,5,3,46,27,15,12,1,2,,30,18
7,2,13127.421207,3.665e-27,0.01798,0.0585,0.056,0,0.72,-0.0052,       b      0,       X      0,, R  0Q  1     d,4,8,6,7,5,3,46,27,15,12,1,2,,3,3
7,2,13128.152519,2.845e-27,0.008559,0.0564,0.055,4.5247,0.71,-0.005,       b      0,       X      0,, R  1R  1     d,4,8,6,7,5,3,46,27,15,12,1,2,,5,3
7,1,13128.268754,3.566e-24,0.02028,0.0564,0.055,2.0842,0.71,-0.0051,       b      0,       X      0,, R  1Q  2     d,5,8,7,7,5,3,45,26,15,12,1,2,,5,5
7,3,13129.203464,1.362e-27,0.02125,0.0564,0.055,2.7018,0.71,-0.0051,       b      0,       X      0,, R  1Q  2     d,4,5,6,6,5,3,46,27,15,12,1,2,,30,30
7,3,13129.838819,1.148e-27,0.01327,0.0544,0.053,10.1676,0.7,-0.0054,       b      0,       X      0,, R  2R  2     d,4,5,6,6,5,3,46,27,15,12,1,2,,42,30
7,2,13130.044563,6.508e-27,0.01941,0.0564,0.055,2.6326,0.71,-0.0051,       b      0,       X      0,, R  1Q  2     d,4,8,6,7,5,3,46,27,15,12,1,2,,5,5
7,1,13130.35305,4.09e-30,0.00000002304,0.0586,0.057,0,0.72,-0.0052,       b      0,       X      0,, R  1S  0     q,5,7,6,6,5,3,47,28,7,4,1,2,,5,1
7,2,13130.604991,5.539e-27,0.01223,0.0544,0.053,9.9559,0.7,-0.0054,       b      0,       X      0,, R  2R  2     d,4,8,6,7,5,3,46,27,15,12,1,2,,7,5
7,1,13131.491402,4.282e-24,0.01465,0.0531,0.052,18.3371,0.72,-0.0059,       b      0,       X      0,, R  3R  3     d,5,8,7,7,5,3,45,26,15,12,1,2,,9,7
7,3,13131.765269,1.906e-27,0.02183,0.0544,0.053,8.2412,0.7,-0.0056,       b      0,       X      0,, R  2Q  3     d,4,5,6,6,5,3,46,27,15,12,1,2,,42,42
7,3,13132.268342,1.654e-27,0.01549,0.0531,0.052,18.5391,0.72,-0.0059,       b      0,       X      0,, R  3R  3     d,4,5,6,6,5,3,46,27,15,12,1,2,,54,42
7,2,13132.536326,9.137e-27,0.01998,0.0544,0.053,8.0246,0.7,-0.0056,       b      0,       X      0,, R  2Q  3     d,4,8,6,7,5,3,46,27,15,12,1,2,,7,7
7,2,13132.969465,7.984e-27,0.01427,0.0531,0.052,18.1026,0.72,-0.0059,       b      0,       X      0,, R  3R  3     d,4,8,6,7,5,3,46,27,15,12,1,2,,9,7
7,1,13133.440971,6.209e-24,0.02105,0.0531,0.052,16.3876,0.72,-0.00645,       b      0,       X      0,, R  3Q  4     d,5,8,7,7,5,3,45,26,15,12,1,2,,9,9
7,1,13133.57572,5.12e-29,0.0000001735,0.0563,0.055,16.2529,0.71,-0.0051,       b      0,       X      0,, R  3S  2     q,5,7,6,6,5,3,47,28,7,4,1,2,,9,5
7,3,13134.221497,2.386e-27,0.02215,0.0531,0.052,16.586,0.72,-0.00645,       b      0,       X      0,, R  3Q  4     d,4,5,6,6,5,3,46,27,15,12,1,2,,54,54
7,3,13134.607224,2.088e-27,0.0169,0.0517,0.051,29.7006,0.74,-0.006,       b      0,       X      0,, R  4R  4     d,4,5,6,6,5,3,46,27,15,12,1,2,,66,54
7,2,13134.926032,1.147e-26,0.02031,0.0531,0.052,16.146,0.72,-0.00645,       b      0,       X      0,, R  3Q  4     d,4,8,6,7,5,3,46,27,15,12,1,2,,9,9
7,2,13135.24579,1.01e-26,0.01557,0.0517,0.051,28.9643,0.74,-0.006,       b      0,       X      0,, R  4R  4     d,4,8,6,7,5,3,46,27,15,12,1,2,,11,9
7,1,13136.217029,6.289e-24,0.01691,0.0507,0.05,44.2117,0.73,-0.0061,       b      0,       X      0,, R  5R  5     d,5,8,7,7,5,3,45,26,15,12,1,2,,13,11
7,3,13136.580313,2.787e-27,0.02235,0.0517,0.051,27.7275,0.74,-0.0071,       b      0,       X      0,, R  4Q  5     d,4,5,6,6,5,3,46,27,15,12,1,2,,66,66
7,3,13136.855296,2.438e-27,0.01788,0.0507,0.05,43.6517,0.73,-0.0061,       b      0,       X      0,, R  5R  5     d,4,5,6,6,5,3,46,27,15,12,1,2,,78,66
7,2,13137.221279,1.342e-26,0.0205,0.0517,0.051,26.9888,0.74,-0.0071,       b      0,       X      0,, R  4Q  5     d,4,8,6,7,5,3,46,27,15,12,1,2,,11,11
7,2,13137.433807,1.181e-26,0.01646,0.0507,0.05,42.5407,0.73,-0.0061,       b      0,       X      0,, R  5R  5     d,4,8,6,7,5,3,46,27,15,12,1,2,,13,11
7,1,13138.20477,8.013e-24,0.02134,0.0507,0.05,42.2239,0.73,-0.0071,       b      0,       X      0,, R  5Q  6     d,5,8,7,7,5,3,45,26,15,12,1,2,,13,13
7,1,13138.22862,8.09e-29,0.0000002154,0.053,0.053,42.2001,0.72,-0.00645,       b      0,       X      0,, R  5S  4     q,5,7,6,6,5,3,47,28,7,4,1,2,,13,9
7,3,13138.844696,3.096e-27,0.02249,0.0507,0.05,41.6623,0.73,-0.0071,       b      0,       X      0,, R  5Q  6     d,4,5,6,6,5,3,46,27,15,12,1,2,,78,78
7,3,13139.012382,2.696e-27,0.01859,0.0497,0.049,60.3917,0.73,-0.0061,       b      0,       X      0,, R  6R  6     d,4,5,6,6,5,3,46,27,15,12,1,2,,90,78
7,2,13139.424838,1.495e-26,0.02064,0.0507,0.05,40.5497,0.73,-0.0071,       b      0,       X      0,, R  5Q  6     d,4,8,6,7,5,3,46,27,15,12,1,2,,13,13
7,2,13139.533343,1.309e-26,0.01712,0.0497,0.049,58.8312,0.73,-0.0061,       b      0,       X      0,, R  6R  6     d,4,8,6,7,5,3,46,27,15,12,1,2,,15,13
7,1,13140.567357,7.338e-24,0.0181,0.049,0.048,81.5805,0.74,-0.00615,       b      0,       X      0,, R  7R  7     d,5,8,7,7,5,3,45,26,15,12,1,2,,17,15
7,3,13141.015927,3.307e-27,0.02259,0.0497,0.049,58.3882,0.73,-0.007,       b      0,       X      0,, R  6Q  7     d,4,5,6,6,5,3,46,27,15,12,1,2,,90,90
7,3,13141.078288,2.86e-27,0.01914,0.049,0.048,79.9202,0.74,-0.00615,       b      0,       X      0,, R  7R  7     d,4,5,6,6,5,3,46,27,15,12,1,2,,102,90
7,2,13141.537898,1.601e-26,0.02075,0.0497,0.049,56.8267,0.73,-0.007,       b      0,       X      0,, R  6Q  7     d,4,8,6,7,5,3,46,27,15,12,1,2,,15,15
7,2,13141.544215,1.392e-26,0.01763,0.049,0.048,77.8352,0.74,-0.00615,       b      0,       X      0,, R  7R  7     d,4,8,6,7,5,3,46,27,15,12,1,2,,17,15
7,1,13142.54086,9.66e-29,0.0000002361,0.0507,0.051,79.607,0.73,-0.0071,       b      0,       X      0,, R  7S  6     q,5,7,6,6,5,3,47,28,7,4,1,2,,17,13
7,1,13142.583244,8.797e-24,0.02149,0.049,0.048,79.5646,0.74,-0.0073,       b      0,       X      0,, R  7Q  8     d,5,8,7,7,5,3,45,26,15,12,1,2,,17,17
7,3,13143.052814,2.931e-27,0.01957,0.0483,0.048,102.2362,0.74,-0.0062,       b      0,       X      0,, R  8R  8     d,4,5,6,6,5,3,46,27,15,12,1,2,,114,102
7,3,13143.094581,3.419e-27,0.02267,0.049,0.048,77.9039,0.74,-0.0073,       b      0,       X      0,, R  7Q  8     d,4,5,6,6,5,3,46,27,15,12,1,2,,102,102
7,2,13143.466228,1.431e-26,0.01802,0.0483,0.048,99.552,0.74,-0.0062,       b      0,       X      0,, R  8R  8     d,4,8,6,7,5,3,46,27,15,12,1,2,,19,17
7,2,13143.560991,1.66e-26,0.02082,0.049,0.048,75.8185,0.74,-0.0073,       b      0,       X      0,, R  7Q  8     d,4,8,6,7,5,3,46,27,15,12,1,2,,17,17
7,1,13144.540696,7.437e-24,0.01884,0.048,0.047,130.4375,0.73,-0.0062,       b      0,       X      0,, R  9R  9     d,5,8,7,7,5,3,45,26,15,12,1,2,,21,19
7,3,13144.935744,2.918e-27,0.01992,0.048,0.047,127.3389,0.73,-0.0062,       b      0,       X      0,, R  9R  9     d,4,5,6,6,5,3,46,27,15,12,1,2,,126,114
7,3,13145.080902,3.437e-27,0.02273,0.0483,0.048,100.2081,0.74,-0.0075,       b      0,       X      0,, R  8Q  9     d,4,5,6,6,5,3,46,27,15,12,1,2,,114,114
7,2,13145.299174,1.429e-26,0.01834,0.048,0.047,123.9808,0.73,-0.0062,       b      0,       X      0,, R  9R  9     d,4,8,6,7,5,3,46,27,15,12,1,2,,21,19
7,2,13145.494336,1.675e-26,0.0209,0.0483,0.048,97.5239,0.74,-0.0075,       b      0,       X      0,, R  8Q  9     d,4,8,6,7,5,3,46,27,15,12,1,2,,19,19
7,1,13146.48617,9.89e-29,0.0000002483,0.0491,0.049,128.4921,0.74,-0.0073,       b      0,       X      0,, R  9S  8     q,5,7,6,6,5,3,47,28,7,4,1,2,,21,17
7,1,13146.580459,8.603e-24,0.02159,0.048,0.047,128.3977,0.73,-0.0075,       b      0,       X      0,, R  9Q 10     d,5,8,7,7,5,3,45,26,15,12,1,2,,21,21
7,3,13146.726853,2.831e-27,0.02021,0.0473,0.047,155.2274,0.72,-0.0064,       b      0,       X      0,, R 10R 10     d,4,5,6,6,5,3,46,27,15,12,1,2,,138,126
7,3,13146.974947,3.369e-27,0.02278,0.048,0.047,125.2997,0.73,-0.0075,       b      0,       X      0,, R  9Q 10     d,4,5,6,6,5,3,46,27,15,12,1,2,,126,126
7,2,13147.042835,1.391e-26,0.01861,0.0473,0.047,151.1206,0.72,-0.0064,       b      0,       X      0,, R 10R 10     d,4,8,6,7,5,3,46,27,15,12,1,2,,23,21
7,2,13147.337981,1.647e-26,0.02094,0.048,0.047,121.942,0.73,-0.0075,       b      0,       X      0,, R  9Q 10     d,4,8,6,7,5,3,46,27,15,12,1,2,,21,21
7,1,13147.74429,6.09e-30,0.0000000193,0.0563,0.055,2.0843,0.71,-0.0051,       b      0,       X      0,, T  1S  2     q,5,7,6,6,5,3,47,28,7,4,1,2,,9,5
7,1,13148.135152,6.776e-24,0.01935,0.047,0.046,190.7748,0.72,-0.00665,       b      0,       X      0,, R 11R 11     d,5,8,7,7,5,3,45,26,15,12,1,2,,25,23
7,1,13148.420908,4.004e-29,0.02117,0.0228,0.027,2956.3693,0.63,-0.0105,       b      0,       X      0,, R 45R 45     d,4,7,6,6,5,3,45,26,15,12,1,2,,93,91
7,3,13148.425903,2.682e-27,0.02045,0.047,0.046,185.9005,0.72,-0.00665,       b      0,       X      0,, R 11R 11     d,4,5,6,6,5,3,46,27,15,12,1,2,,150,138
7,2,13148.696981,1.323e-26,0.01883,0.047,0.046,180.9704,0.72,-0.00665,       b      0,       X      0,, R 11R 11     d,4,8,6,7,5,3,46,27,15,12,1,2,,25,23
7,3,13148.776671,3.227e-27,0.02282,0.0473,0.047,153.1776,0.72,-0.00755,       b      0,       X      0,, R 10Q 11     d,4,5,6,6,5,3,46,27,15,12,1,2,,138,138
7,2,13149.091875,1.583e-26,0.02097,0.0473,0.047,149.0716,0.72,-0.00755,       b      0,       X      0,, R 10Q 11     d,4,8,6,7,5,3,46,27,15,12,1,2,,23,23
7,3,13150.032645,2.486e-27,0.02066,0.0463,0.046,219.3571,0.7,-0.0069,       b      0,       X      0,, R 12R 12     d,4,5,6,6,5,3,46,27,15,12,1,2,,162,150
7,1,13150.0569,9.09e-29,0.0000002572,0.0478,0.048,188.8531,0.73,-0.0075,       b      0,       X      0,, R 11S 10     q,5,7,6,6,5,3,47,28,7,4,1,2,,25,21
7,1,13150.196583,7.658e-24,0.02165,0.047,0.046,188.7133,0.72,-0.0074,       b      0,       X      0,, R 11Q 12     d,5,8,7,7,5,3,45,26,15,12,1,2,,25,25
7,2,13150.261369,1.232e-26,0.01902,0.0463,0.046,213.529,0.7,-0.0069,       b      0,       X      0,, R 12R 12     d,4,8,6,7,5,3,46,27,15,12,1,2,,27,25
7,3,13150.485957,3.026e-27,0.02285,0.047,0.046,183.8405,0.72,-0.0074,       b      0,       X      0,, R 11Q 12     d,4,5,6,6,5,3,46,27,15,12,1,2,,150,150
7,2,13150.7559,1.491e-26,0.02101,0.047,0.046,178.9115,0.72,-0.0074,       b      0,       X      0,, R 11Q 12     d,4,8,6,7,5,3,46,27,15,12,1,2,,25,25
7,1,13150.791663,4.17e-29,0.0218,0.0228,0.027,2953.9986,0.63,-0.01,       b      0,       X      0,, R 45Q 46     d,4,7,6,6,5,3,45,26,15,12,1,2,,93,93
7,1,13151.348626,5.646e-24,0.01971,0.046,0.045,262.5826,0.67,-0.0072,       b      0,       X      0,, R 13R 13     d,5,8,7,7,5,3,45,26,15,12,1,2,,29,27
7,3,13151.546817,2.258e-27,0.02084,0.046,0.045,255.5958,0.67,-0.0072,       b      0,       X      0,, R 13R 13     d,4,5,6,6,5,3,46,27,15,12,1,2,,174,162
7,2,13151.735743,1.124e-26,0.01918,0.046,0.045,248.7952,0.67,-0.0072,       b      0,       X      0,, R 13R 13     d,4,8,6,7,5,3,46,27,15,12,1,2,,29,27
7,1,13151.761924,1.306e-28,0.02116,0.0233,0.027,2703.8684,0.63,-0.0105,       b      0,       X      0,, R 43R 43     d,4,7,6,6,5,3,45,26,15,12,1,2,,89,87
7,3,13152.102641,2.781e-27,0.02289,0.0463,0.046,217.2871,0.7,-0.0074,       b      0,       X      0,, R 12Q 13     d,4,5,6,6,5,3,46,27,15,12,1,2,,162,162
7,2,13152.329893,1.376e-26,0.02104,0.0463,0.046,211.4605,0.7,-0.0074,       b      0,       X      0,, R 12Q 13     d,4,8,6,7,5,3,46,27,15,12,1,2,,27,27
7,3,13152.968148,2.011e-27,0.02099,0.0453,0.045,294.6153,0.66,-0.0072,       b      0,       X      0,, R 14R 14     d,4,5,6,6,5,3,46,27,15,12,1,2,,186,174
7,2,13153.119839,1.007e-26,0.01934,0.0453,0.045,286.7677,0.66,-0.0072,       b      0,       X      0,, R 14R 14     d,4,8,6,7,5,3,46,27,15,12,1,2,,31,29
7,1,13153.24888,7.62e-29,0.0000002637,0.0468,0.047,260.6825,0.72,-0.0074,       b      0,       X      0,, R 13S 12     q,5,7,6,6,5,3,47,28,7,4,1,2,,29,25
7,1,13153.43044,6.277e-24,0.0217,0.046,0.045,260.5008,0.67,-0.0074,       b      0,       X      0,, R 13Q 14     d,5,8,7,7,5,3,45,26,15,12,1,2,,29,29
7,3,13153.626524,2.507e-27,0.02291,0.046,0.045,253.5161,0.67,-0.0074,       b      0,       X      0,, R 13Q 14     d,4,5,6,6,5,3,46,27,15,12,1,2,,174,174
7,2,13153.813656,1.246e-26,0.02106,0.046,0.045,246.7173,0.67,-0.0074,       b      0,       X      0,, R 13Q 14     d,4,8,6,7,5,3,46,27,15,12,1,2,,29,29
7,1,13154.115067,1.361e-28,0.02181,0.0233,0.027,2701.5152,0.63,-0.01,       b      0,       X      0,, R 43Q 44     d,4,7,6,6,5,3,45,26,15,12,1,2,,89,89
7,1,13154.178813,4.344e-24,0.01998,0.0446,0.044,345.8494,0.65,-0.0073,       b      0,       X      0,, R 15R 15     d,5,8,7,7,5,3,45,26,15,12,1,2,,33,31
7,3,13154.296352,1.758e-27,0.02113,0.0446,0.044,336.414,0.65,-0.0073,       b      0,       X      0,, R 15R 15     d,4,5,6,6,5,3,46,27,15,12,1,2,,198,186
7,2,13154.413376,8.847e-27,0.01945,0.0446,0.044,327.4449,0.65,-0.0073,       b      0,       X      0,, R 15R 15     d,4,8,6,7,5,3,46,27,15,12,1,2,,33,31
7,1,13154.659092,4.026e-28,0.02113,0.0239,0.028,2462.4308,0.63,-0.0105,       b      0,       X      0,, R 41R 41     d,4,7,6,6,5,3,45,26,15,12,1,2,,85,83
7,3,13155.057378,2.218e-27,0.02293,0.0453,0.045,292.5261,0.66,-0.0074,       b      0,       X      0,, R 14Q 15     d,4,5,6,6,5,3,46,27,15,12,1,2,,186,186
7,2,13155.206967,1.109e-26,0.02109,0.0453,0.045,284.6806,0.66,-0.0074,       b      0,       X      0,, R 14Q 15     d,4,8,6,7,5,3,46,27,15,12,1,2,,31,31
7,3,13155.531133,1.51e-27,0.02126,0.0439,0.044,380.9902,0.65,-0.0073,       b      0,       X      0,, R 16R 16     d,3,5,6,6,5,3,46,27,15,12,1,2,,210,198
7,2,13155.616062,7.641e-27,0.01956,0.0439,0.044,370.8254,0.65,-0.0073,       b      0,       X      0,, R 16R 16     d,4,8,6,7,5,3,46,27,15,12,1,2,,35,33
7,1,13156.05889,5.88e-29,0.0000002681,0.0458,0.046,343.9694,0.67,-0.0074,       b      0,       X      0,, R 15S 14     q,5,7,6,6,5,3,47,28,7,4,1,2,,33,29
7,1,13156.2802,4.772e-24,0.02174,0.0446,0.044,343.7481,0.65,-0.0074,       b      0,       X      0,, R 15Q 16     d,5,8,7,7,5,3,45,26,15,12,1,2,,33,33
7,3,13156.394954,1.929e-27,0.02296,0.0446,0.044,334.3154,0.65,-0.0074,       b      0,       X      0,, R 15Q 16     d,3,5,6,6,5,3,46,27,15,12,1,2,,198,198
7,2,13156.509579,9.695e-27,0.02111,0.0446,0.044,325.3487,0.65,-0.0074,       b      0,       X      0,, R 15Q 16     d,4,8,6,7,5,3,46,27,15,12,1,2,,33,33
7,1,13156.623203,3.105e-24,0.0202,0.0433,0.043,440.5617,0.65,-0.0075,       b      0,       X      0,, R 17R 17     d,5,8,7,7,5,3,45,26,15,12,1,2,,37,35
7,3,13156.672184,1.274e-27,0.02136,0.0433,0.043,428.3422,0.65,-0.0075,       b      0,       X      0,, R 17R 17     d,3,5,6,6,5,3,46,27,15,12,1,2,,222,210
7,2,13156.727595,6.488e-27,0.01966,0.0433,0.043,416.9074,0.65,-0.0075,       b      0,       X      0,, R 17R 17     d,4,8,6,7,5,3,46,27,15,12,1,2,,37,35
7,1,13156.994619,4.204e-28,0.02182,0.0239,0.028,2460.0953,0.63,-0.01,       b      0,       X      0,, R 41Q 42     d,4,7,6,6,5,3,45,26,15,12,1,2,,85,85
7,1,13157.118058,1.174e-27,0.02111,0.0246,0.029,2232.0957,0.63,-0.0105,       b      0,       X      0,, R 39R 39     d,4,7,6,6,5,3,45,26,15,12,1,2,,81,79
7,3,13157.638984,1.648e-27,0.02297,0.0439,0.044,378.8823,0.65,-0.0075,       b      0,       X      0,, R 16Q 17     d,3,5,6,6,5,3,46,27,15,12,1,2,,210,210
7,3,13157.719185,1.057e-27,0.02145,0.0426,0.042,478.4683,0.64,-0.0074,       b      0,       X      0,, R 18R 18     d,3,5,6,6,5,3,46,27,15,12,1,2,,234,222
7,2,13157.721224,8.332e-27,0.02112,0.0439,0.044,368.7202,0.65,-0.0075,       b      0,       X      0,, R 16Q 17     d,4,8,6,7,5,3,46,27,15,12,1,2,,35,35
7,2,13157.747658,5.418e-27,0.01975,0.0426,0.042,465.6892,0.64,-0.0074,       b      0,       X      0,, R 18R 18     d,4,8,6,7,5,3,46,27,15,12,1,2,,39,37
